(1, 0.051948) 
(1, 0.586039) 
(2, 0.194805) 
(2, 0.478896) 
(3, 0.337662) 
(4, 0.480519) 
(5, 0.623377) 
(5, 1.407467) 
(6, 0.766234) 
(6, 1.175325) 
(7, 0.909091) 
(8, 0.034091) 
(9, 0.159091) 
(10, 0.659091) 
(11, 0.909091) 
(1, 0.038961) 
(1, 0.482143) 
(2, 0.103896) 
(2, 0.297078) 
(3, 0.246753) 
(4, 0.389610) 
(5, 0.532468) 
(5, 1.225649) 
(6, 0.675325) 
(6, 0.993506) 
(7, 0.818182) 
(8, 0.056818) 
(9, 0.068182) 
(10, 0.568182) 
(11, 0.818182) 
(1, 0.129870) 
(1, 0.482143) 
(2, 0.012987) 
(2, 0.115260) 
(3, 0.155844) 
(4, 0.298701) 
(5, 0.441558) 
(5, 1.043831) 
(6, 0.584416) 
(6, 0.811688) 
(7, 0.727273) 
(8, 0.147727) 
(9, 0.022727) 
(10, 0.477273) 
(11, 0.727273) 
(1, 0.220779) 
(1, 0.482143) 
(2, 0.077922) 
(2, 0.089286) 
(3, 0.064935) 
(4, 0.207792) 
(5, 0.350649) 
(5, 0.862013) 
(6, 0.493506) 
(6, 0.629870) 
(7, 0.636364) 
(8, 0.238636) 
(9, 0.113636) 
(10, 0.386364) 
(11, 0.636364) 
(1, 0.311688) 
(1, 0.482143) 
(2, 0.168831) 
(2, 0.248377) 
(3, 0.025974) 
(4, 0.116883) 
(5, 0.259740) 
(5, 0.680195) 
(6, 0.402597) 
(6, 0.448052) 
(7, 0.545455) 
(8, 0.329545) 
(9, 0.204545) 
(10, 0.295455) 
(11, 0.545455) 
(1, 0.402597) 
(1, 0.482143) 
(2, 0.259740) 
(2, 0.430195) 
(3, 0.116883) 
(4, 0.025974) 
(5, 0.168831) 
(5, 0.498377) 
(6, 0.311688) 
(6, 0.357143) 
(7, 0.454545) 
(8, 0.420455) 
(9, 0.295455) 
(10, 0.204545) 
(11, 0.454545) 
(1, 0.493506) 
(1, 0.504870) 
(2, 0.350649) 
(2, 0.612013) 
(3, 0.207792) 
(4, 0.064935) 
(5, 0.077922) 
(5, 0.316558) 
(6, 0.220779) 
(6, 0.357143) 
(7, 0.363636) 
(8, 0.511364) 
(9, 0.386364) 
(10, 0.113636) 
(11, 0.363636) 
(1, 0.584416) 
(1, 0.686688) 
(2, 0.441558) 
(2, 0.793831) 
(3, 0.298701) 
(4, 0.155844) 
(5, 0.012987) 
(5, 0.160714) 
(6, 0.129870) 
(6, 0.357143) 
(7, 0.272727) 
(8, 0.602273) 
(9, 0.477273) 
(10, 0.022727) 
(11, 0.272727) 
(1, 0.675325) 
(1, 0.868506) 
(2, 0.532468) 
(2, 0.975649) 
(3, 0.389610) 
(4, 0.246753) 
(5, 0.103896) 
(5, 0.160714) 
(6, 0.038961) 
(6, 0.357143) 
(7, 0.181818) 
(8, 0.693182) 
(9, 0.568182) 
(10, 0.068182) 
(11, 0.181818) 
(1, 0.766234) 
(1, 1.050325) 
(2, 0.623377) 
(2, 1.157467) 
(3, 0.480519) 
(4, 0.337662) 
(5, 0.194805) 
(5, 0.228896) 
(6, 0.051948) 
(6, 0.461039) 
(7, 0.090909) 
(8, 0.784091) 
(9, 0.659091) 
(10, 0.159091) 
(11, 0.090909) 
(1, 0.857143) 
(1, 1.232143) 
(2, 0.714286) 
(2, 1.339286) 
(3, 0.571429) 
(4, 0.428571) 
(5, 0.285714) 
(5, 0.410714) 
(6, 0.142857) 
(6, 0.642857) 
(7, 0.000000) 
(8, 0.875000) 
(9, 0.750000) 
(10, 0.250000) 
(11, 0.000000) 
(8, 0.034091) url11 (9, 0.159091) url18 (3, 0.337662) url5 (2, 0.478896) url3 (4, 0.480519) url10 (1, 0.586039) url1 (10, 0.659091) utl6 (7, 0.909091) url17 (11, 0.909091) url15 (6, 1.175325) url2 (5, 1.407467) url4 
(8, 0.056818) url11 (9, 0.068182) url18 (3, 0.246753) url5 (2, 0.297078) url3 (4, 0.389610) url10 (1, 0.482143) url1 (10, 0.568182) utl6 (7, 0.818182) url17 (11, 0.818182) url15 (6, 0.993506) url2 (5, 1.225649) url4 
(9, 0.022727) url18 (2, 0.115260) url3 (8, 0.147727) url11 (3, 0.155844) url5 (4, 0.298701) url10 (10, 0.477273) utl6 (1, 0.482143) url1 (7, 0.727273) url17 (11, 0.727273) url15 (6, 0.811688) url2 (5, 1.043831) url4 
(3, 0.064935) url5 (2, 0.089286) url3 (9, 0.113636) url18 (4, 0.207792) url10 (8, 0.238636) url11 (10, 0.386364) utl6 (1, 0.482143) url1 (6, 0.629870) url2 (7, 0.636364) url17 (11, 0.636364) url15 (5, 0.862013) url4 
(3, 0.025974) url5 (4, 0.116883) url10 (9, 0.204545) url18 (2, 0.248377) url3 (10, 0.295455) utl6 (8, 0.329545) url11 (6, 0.448052) url2 (1, 0.482143) url1 (7, 0.545455) url17 (11, 0.545455) url15 (5, 0.680195) url4 
(4, 0.025974) url10 (3, 0.116883) url5 (10, 0.204545) utl6 (9, 0.295455) url18 (6, 0.357143) url2 (8, 0.420455) url11 (2, 0.430195) url3 (7, 0.454545) url17 (11, 0.454545) url15 (1, 0.482143) url1 (5, 0.498377) url4 
(4, 0.064935) url10 (10, 0.113636) utl6 (3, 0.207792) url5 (5, 0.316558) url4 (6, 0.357143) url2 (7, 0.363636) url17 (11, 0.363636) url15 (9, 0.386364) url18 (1, 0.504870) url1 (8, 0.511364) url11 (2, 0.612013) url3 
(10, 0.022727) utl6 (4, 0.155844) url10 (5, 0.160714) url4 (7, 0.272727) url17 (11, 0.272727) url15 (3, 0.298701) url5 (6, 0.357143) url2 (9, 0.477273) url18 (8, 0.602273) url11 (1, 0.686688) url1 (2, 0.793831) url3 
(10, 0.068182) utl6 (5, 0.160714) url4 (7, 0.181818) url17 (11, 0.181818) url15 (4, 0.246753) url10 (6, 0.357143) url2 (3, 0.389610) url5 (9, 0.568182) url18 (8, 0.693182) url11 (1, 0.868506) url1 (2, 0.975649) url3 
(7, 0.090909) url17 (11, 0.090909) url15 (10, 0.159091) utl6 (5, 0.228896) url4 (4, 0.337662) url10 (6, 0.461039) url2 (3, 0.480519) url5 (9, 0.659091) url18 (8, 0.784091) url11 (1, 1.050325) url1 (2, 1.157467) url3 
(7, 0.000000) url17 (11, 0.000000) url15 (10, 0.250000) utl6 (5, 0.410714) url4 (4, 0.428571) url10 (3, 0.571429) url5 (6, 0.642857) url2 (9, 0.750000) url18 (8, 0.875000) url11 (1, 1.232143) url1 (2, 1.339286) url3 
1.311688
url11
url1
url18
url3
url5
url10
url2
utl6
url4
url17
url15
